85 3 207 48 43 241 252 217 122 
68 12 7 6 228 153 153
85 3 207 49 150 9 44 165 87 
132 12 255 8 53 122 65 1 
85 2 207 50 116 100 196 175 21 
0 0 0 0 30 120 0 0 3 232 56 242 207 238 0 25 88 0 134 84 0 65 148 136 24 101 0 8 0 30 125 0 0 3 232 56 50 32 3 33 128 89 0 9 143 128 216 240 16
85 3 207 51 40 164 233 87 219 
132 12 255 8 219 35 218 1 
85 2 207 52 94 32 251 56 168 
0 0 0 0 3 232 0 0 3 232 58 169 0 252 3 186 10 56 1 1 0 20 96 0 4 0 40 160 0 12 0 81 59 161 4 238 140 3 237 0 0 3 232 56 39 192 4 244 2 158 0 147 176 26 116 4 
85 3 207 53 78 166 20 147 37 
132 12 255 8 93 192 114 2
85 2 207 54 86 36 68 223 89 
0 0 78 97 30 130 0 0 3 232 56 49 128 7 98 224 22 44 2 98 160 54 40 4 0 30 135 0 0 3 232 56 48 224 3 13 0 176 192 19 11 1 176 160 32
85 3 207 55 141 67 123 190 144 
132 12 255 8 223 92 11 3
85 3 207 56 22 137 157 126 119 
132 12 255 8 104 249 163 3 
85 2 207 57 198 47 38 152 136 
0 0 125 68 3 242 0 0 3 232 48 54 128 13 152 11 100 4 216 129 182 0 128 3 247 0 0 3 232 48 53 64 13 72 11 80 4 211 129 180 192 128 
85 2 207 58 245 180 48 212 52 
0 0 156 132 30 140 0 0 3 232 56 48 64 3 3 0 176 32 19 1 1 176 0 32 30 145 0 0 3 232 56 47 64 5 230 1 94 0 75 184 13 118 2
85 3 207 59 157 58 13 15 189 
132 12 255 8 240 149 60 4  
85 3 207 60 47 161 247 15 217 
132 12 255 8 111 50 213 4
85 2 207 61 104 244 217 60 168 
0 0 203 100 3 252 0 0 3 232 48 52 16 6 124 5 158 2 103 64 217 192 64 4 1 0 0 3 232 48 50 192 12 168 11 40 4 201 129 178 64 128
85 2 207 62 53 229 143 42 205 
0 0 234 165 30 150 0 0 3 232 56 46 0 5 188 2 183 0 150 208 26 216 4 0 30 155 0 0 3 232 56 44 192 5 148 2 178 0 150 48 26 196 4
85 3 207 63 194 64 193 207 82 
132 12 255 8 249 206 109 5 
85 3 207 64 113 106 114 41 35 
132 12 255 8 121 107 6 6  
85 2 207 65 176 91 27 163 42 
0 1 25 133 4 6 0 0 3 232 48 49 128 12 88 11 20 4 196 129 177 0 128 4 11 0 0 3 232 48 48 64 12 8 11 0 4 191 3 95 2
85 2 207 66 130 136 68 25 14 
0 1 56 197 30 160 0 0 3 232 56 43 128 5 108 2 173 0 149 144 26 176 4 0 30 165 0 0 3 232 56 42 64 5 68 2 168 0 170 120 13 78 2 
132 12 255 8 12 8 159 6
