50 152 1 0 23 47 115 109 97 114 116 104 111 109 101 47 109 111 116 105 111 110 76 105 103 104 116 115 
50 127 0 24 47 115 109 97 114 102 97 99 116 111 114 121 47 77 111 100 98 117 115 45 100 97 116 97 
50 149 1 0 23 47 115 109 97 114 116 104 111 109 101 47 109 111 116 105 111 110 76 105 103 104 116 115 
50 172 1 0 25 47 115 109 97 114 116 104 111 109 101 47 119 101 97 116 104 101 114 83 116 97 116 105 111 110 
50 125 0 24 47 115 109 97 114 102 97 99 116 111 114 121 47 77 111 100 98 117 115 45 100 97 116 97 
50 125 0 24 47 115 109 97 114 102 97 99 116 111 114 121 47 77 111 100 98 117 115 45 100 97 116 97 
50 125 0 24 47 115 109 97 114 102 97 99 116 111 114 121 47 77 111 100 98 117 115 45 100 97 116 97 
50 125 0 24 47 115 109 97 114 102 97 99 116 111 114 121 47 77 111 100 98 117 115 45 100 97 116 97 
50 149 1 0 23 47 115 109 97 114 116 104 111 109 101 47 109 111 116 105 111 110 76 105 103 104 116 115 
50 171 1 0 25 47 115 109 97 114 116 104 111 109 101 47 119 101 97 116 104 101 114 83 116 97 116 105 111 110 
50 129 1 0 24 47 115 109 97 114 102 97 99 116 111 114 121 47 77 111 100 98 117 115 45 100 97 116 97 
50 152 1 0 23 47 115 109 97 114 116 104 111 109 101 47 109 111 116 105 111 110 76 105 103 104 116 115 
50 129 1 0 24 47 115 109 97 114 102 97 99 116 111 114 121 47 77 111 100 98 117 115 45 100 97 116 97 
50 152 1 0 23 47 115 109 97 114 116 104 111 109 101 47 109 111 116 105 111 110 76 105 103 104 116 115 
50 123 0 24 47 115 109 97 114 102 97 99 116 111 114 121 47 77 111 100 98 117 115 45 100 97 116 97 
50 123 0 24 47 115 109 97 114 102 97 99 116 111 114 121 47 77 111 100 98 117 115 45 100 97 116 97 
50 172 1 0 25 47 115 109 97 114 116 104 111 109 101 47 119 101 97 116 104 101 114 83 116 97 116 105 111 110 
50 192 1 0 21 47 115 109 97 114 116 104 111 109 101 47 116 104 101 114 109 111 115 116 97 116 
50 123 0 24 47 115 109 97 114 102 97 99 116 111 114 121 47 77 111 100 98 117 115 45 100 97 116 97 
50 152 1 0 23 47 115 109 97 114 116 104 111 109 101 47 109 111 116 105 111 110 76 105 103 104 116 115 
50 123 0 24 47 115 109 97 114 102 97 99 116 111 114 121 47 77 111 100 98 117 115 45 100 97 116 97 
50 149 1 0 23 47 115 109 97 114 116 104 111 109 101 47 109 111 116 105 111 110 76 105 103 104 116 115 
50 126 0 24 47 115 109 97 114 102 97 99 116 111 114 121 47 77 111 100 98 117 115 45 100 97 116 97 
50 152 1 0 23 47 115 109 97 114 116 104 111 109 101 47 109 111 116 105 111 110 76 105 103 104 116 115 
50 126 0 24 47 115 109 97 114 102 97 99 116 111 114 121 47 77 111 100 98 117 115 45 100 97 116 97 
50 126 0 24 47 115 109 97 114 102 97 99 116 111 114 121 47 77 111 100 98 117 115 45 100 97 116 97 
50 172 1 0 25 47 115 109 97 114 116 104 111 109 101 47 119 101 97 116 104 101 114 83 116 97 116 105 111 110 
50 192 1 0 21 47 115 109 97 114 116 104 111 109 101 47 116 104 101 114 109 111 115 116 97 116 
50 126 0 24 47 115 109 97 114 102 97 99 116 111 114 121 47 77 111 100 98 117 115 45 100 97 116 97 
50 149 1 0 23 47 115 109 97 114 116 104 111 109 101 47 109 111 116 105 111 110 76 105 103 104 116 115 
50 127 0 24 47 115 109 97 114 102 97 99 116 111 114 121 47 77 111 100 98 117 115 45 100 97 116 97 
50 127 0 24 47 115 109 97 114 102 97 99 116 111 114 121 47 77 111 100 98 117 115 45 100 97 116 97 
50 152 1 0 23 47 115 109 97 114 116 104 111 109 101 47 109 111 116 105 111 110 76 105 103 104 116 115 
50 127 0 24 47 115 109 97 114 102 97 99 116 111 114 121 47 77 111 100 98 117 115 45 100 97 116 97 
50 127 0 24 47 115 109 97 114 102 97 99 116 111 114 121 47 77 111 100 98 117 115 45 100 97 116 97 
50 152 1 0 23 47 115 109 97 114 116 104 111 109 101 47 109 111 116 105 111 110 76 105 103 104 116 115 
50 172 1 0 25 47 115 109 97 114 116 104 111 109 101 47 119 101 97 116 104 101 114 83 116 97 116 105 111 110 
50 174 1 0 25 47 115 109 97 114 116 104 111 109 101 47 119 101 97 116 104 101 114 83 116 97 116 105 111 110 
50 126 0 24 47 115 109 97 114 102 97 99 116 111 114 121 47 77 111 100 98 117 115 45 100 97 116 97 
50 126 0 24 47 115 109 97 114 102 97 99 116 111 114 121 47 77 111 100 98 117 115 45 100 97 116 97 
50 152 1 0 23 47 115 109 97 114 116 104 111 109 101 47 109 111 116 105 111 110 76 105 103 104 116 115 
50 126 0 24 47 115 109 97 114 102 97 99 116 111 114 121 47 77 111 100 98 117 115 45 100 97 116 97 
50 152 1 0 23 47 115 109 97 114 116 104 111 109 101 47 109 111 116 105 111 110 76 105 103 104 116 115 
50 152 1 0 23 47 115 109 97 114 116 104 111 109 101 47 109 111 116 105 111 110 76 105 103 104 116 115 
50 127 0 24 47 115 109 97 114 102 97 99 116 111 114 121 47 77 111 100 98 117 115 45 100 97 116 97 
50 172 1 0 25 47 115 109 97 114 116 104 111 109 101 47 119 101 97 116 104 101 114 83 116 97 116 105 111 110 
50 122 0 17 47 115 109 97 114 116 104 111 109 101 47 102 114 105 100 103 101 
50 127 0 24 47 115 109 97 114 102 97 99 116 111 114 121 47 77 111 100 98 117 115 45 100 97 116 97 
50 127 0 24 47 115 109 97 114 102 97 99 116 111 114 121 47 77 111 100 98 117 115 45 100 97 116 97 
50 127 0 24 47 115 109 97 114 102 97 99 116 111 114 121 47 77 111 100 98 117 115 45 100 97 116 97 
50 149 1 0 23 47 115 109 97 114 116 104 111 109 101 47 109 111 116 105 111 110 76 105 103 104 116 115 
50 126 0 24 47 115 109 97 114 102 97 99 116 111 114 121 47 77 111 100 98 117 115 45 100 97 116 97 
50 152 1 0 23 47 115 109 97 114 116 104 111 109 101 47 109 111 116 105 111 110 76 105 103 104 116 115 
50 152 1 0 23 47 115 109 97 114 116 104 111 109 101 47 109 111 116 105 111 110 76 105 103 104 116 115 
50 126 0 24 47 115 109 97 114 102 97 99 116 111 114 121 47 77 111 100 98 117 115 45 100 97 116 97 
50 171 1 0 25 47 115 109 97 114 116 104 111 109 101 47 119 101 97 116 104 101 114 83 116 97 116 105 111 110 
50 122 0 17 47 115 109 97 114 116 104 111 109 101 47 102 114 105 100 103 101 
50 126 0 24 47 115 109 97 114 102 97 99 116 111 114 121 47 77 111 100 98 117 115 45 100 97 116 97 
50 126 0 24 47 115 109 97 114 102 97 99 116 111 114 121 47 77 111 100 98 117 115 45 100 97 116 97 
50 152 1 0 23 47 115 109 97 114 116 104 111 109 101 47 109 111 116 105 111 110 76 105 103 104 116 115 
50 126 0 24 47 115 109 97 114 102 97 99 116 111 114 121 47 77 111 100 98 117 115 45 100 97 116 97 
50 126 0 24 47 115 109 97 114 102 97 99 116 111 114 121 47 77 111 100 98 117 115 45 100 97 116 97 
50 152 1 0 23 47 115 109 97 114 116 104 111 109 101 47 109 111 116 105 111 110 76 105 103 104 116 115 
50 149 1 0 23 47 115 109 97 114 116 104 111 109 101 47 109 111 116 105 111 110 76 105 103 104 116 115 
50 126 0 24 47 115 109 97 114 102 97 99 116 111 114 121 47 77 111 100 98 117 115 45 100 97 116 97 
50 171 1 0 25 47 115 109 97 114 116 104 111 109 101 47 119 101 97 116 104 101 114 83 116 97 116 105 111 110 
50 192 1 0 21 47 115 109 97 114 116 104 111 109 101 47 116 104 101 114 109 111 115 116 97 116 
50 126 0 24 47 115 109 97 114 102 97 99 116 111 114 121 47 77 111 100 98 117 115 45 100 97 116 97 
50 127 0 24 47 115 109 97 114 102 97 99 116 111 114 121 47 77 111 100 98 117 115 45 100 97 116 97 
50 152 1 0 23 47 115 109 97 114 116 104 111 109 101 47 109 111 116 105 111 110 76 105 103 104 116 115 
50 127 0 24 47 115 109 97 114 102 97 99 116 111 114 121 47 77 111 100 98 117 115 45 100 97 116 97 
50 152 1 0 23 47 115 109 97 114 116 104 111 109 101 47 109 111 116 105 111 110 76 105 103 104 116 115 
50 127 0 24 47 115 109 97 114 102 97 99 116 111 114 121 47 77 111 100 98 117 115 45 100 97 116 97 
50 152 1 0 23 47 115 109 97 114 116 104 111 109 101 47 109 111 116 105 111 110 76 105 103 104 116 115 
50 117 0 12 47 105 111 116 47 108 111 99 97 116 111 114 
50 126 0 24 47 115 109 97 114 102 97 99 116 111 114 121 47 77 111 100 98 117 115 45 100 97 116 97 
50 126 0 24 47 115 109 97 114 102 97 99 116 111 114 121 47 77 111 100 98 117 115 45 100 97 116 97 
50 126 0 24 47 115 109 97 114 102 97 99 116 111 114 121 47 77 111 100 98 117 115 45 100 97 116 97 
50 152 1 0 23 47 115 109 97 114 116 104 111 109 101 47 109 111 116 105 111 110 76 105 103 104 116 115 
50 152 1 0 23 47 115 109 97 114 116 104 111 109 101 47 109 111 116 105 111 110 76 105 103 104 116 115 
50 127 0 24 47 115 109 97 114 102 97 99 116 111 114 121 47 77 111 100 98 117 115 45 100 97 116 97 
50 171 1 0 25 47 115 109 97 114 116 104 111 109 101 47 119 101 97 116 104 101 114 83 116 97 116 105 111 110 
50 192 1 0 21 47 115 109 97 114 116 104 111 109 101 47 116 104 101 114 109 111 115 116 97 116 
50 127 0 24 47 115 109 97 114 102 97 99 116 111 114 121 47 77 111 100 98 117 115 45 100 97 116 97 
50 127 0 24 47 115 109 97 114 102 97 99 116 111 114 121 47 77 111 100 98 117 115 45 100 97 116 97 
50 149 1 0 23 47 115 109 97 114 116 104 111 109 101 47 109 111 116 105 111 110 76 105 103 104 116 115 
50 127 0 24 47 115 109 97 114 102 97 99 116 111 114 121 47 77 111 100 98 117 115 45 100 97 116 97 
50 128 1 0 24 47 115 109 97 114 102 97 99 116 111 114 121 47 77 111 100 98 117 115 45 100 97 116 97 238 228 123 34 100 97 116 97 34 58 91 52 49 53 57 56 44 52 56 48 55 49 44 50 54 49 56 49 44 49 49 49 51 55 93 44 34 98 117 102 102 101 114 34 58 123 34 116 121 112 101 34 58 34 66 117 102 102 101 114 34 44 34 100 97 116 97 34 58 91 49 54 50 44 49 50 54 44 49 56 55 44 49 57 57 44 49 48 50 44 54 57 44 52 51 44 49 50 57 93 125 125 
50 152 1 0 23 47 115 109 97 114 116 104 111 109 101 47 109 111 116 105 111 110 76 105 103 104 116 115 
50 152 1 0 23 47 115 109 97 114 116 104 111 109 101 47 109 111 116 105 111 110 76 105 103 104 116 115 
50 128 1 0 24 47 115 109 97 114 102 97 99 116 111 114 121 47 77 111 100 98 117 115 45 100 97 116 97 238 231 123 34 100 97 116 97 34 58 91 52 49 53 57 56 44 52 56 48 55 49 44 50 54 49 56 49 44 49 49 49 51 55 93 44 34 98 117 102 102 101 114 34 58 123 34 116 121 112 101 34 58 34 66 117 102 102 101 114 34 44 34 100 97 116 97 34 58 91 49 54 50 44 49 50 54 44 49 56 55 44 49 57 57 44 49 48 50 44 54 57 44 52 51 44 49 50 57 93 125 125 
50 172 1 0 25 47 115 109 97 114 116 104 111 109 101 47 119 101 97 116 104 101 114 83 116 97 116 105 111 110 
50 192 1 0 21 47 115 109 97 114 116 104 111 109 101 47 116 104 101 114 109 111 115 116 97 116 
50 128 1 0 24 47 115 109 97 114 102 97 99 116 111 114 121 47 77 111 100 98 117 115 45 100 97 116 97 238 255 123 34 100 97 116 97 34 58 91 52 49 53 57 56 44 52 56 48 55 49 44 50 54 49 56 49 44 49 49 49 51 55 93 44 34 98 117 102 102 101 114 34 58 123 34 116 121 112 101 34 58 34 66 117 102 102 101 114 34 44 34 100 97 116 97 34 58 91 49 54 50 44 49 50 54 44 49 56 55 44 49 57 57 44 49 48 50 44 54 57 44 52 51 44 49 50 57 93 125 125 
50 128 1 0 24 47 115 109 97 114 102 97 99 116 111 114 121 47 77 111 100 98 117 115 45 100 97 116 97 239 0 123 34 100 97 116 97 34 58 91 52 49 53 57 56 44 52 56 48 55 49 44 50 54 49 56 49 44 49 49 49 51 55 93 44 34 98 117 102 102 101 114 34 58 123 34 116 121 112 101 34 58 34 66 117 102 102 101 114 34 44 34 100 97 116 97 34 58 91 49 54 50 44 49 50 54 44 49 56 55 44 49 57 57 44 49 48 50 44 54 57 44 52 51 44 49 50 57 93 125 125 
50 152 1 0 23 47 115 109 97 114 116 104 111 109 101 47 109 111 116 105 111 110 76 105 103 104 116 115 
50 127 0 24 47 115 109 97 114 102 97 99 116 111 114 121 47 77 111 100 98 117 115 45 100 97 116 97 
50 127 0 24 47 115 109 97 114 102 97 99 116 111 114 121 47 77 111 100 98 117 115 45 100 97 116 97 
50 149 1 0 23 47 115 109 97 114 116 104 111 109 101 47 109 111 116 105 111 110 76 105 103 104 116 115 
50 152 1 0 23 47 115 109 97 114 116 104 111 109 101 47 109 111 116 105 111 110 76 105 103 104 116 115 
50 127 0 24 47 115 109 97 114 102 97 99 116 111 114 121 47 77 111 100 98 117 115 45 100 97 116 97 
50 170 1 0 25 47 115 109 97 114 116 104 111 109 101 47 119 101 97 116 104 101 114 83 116 97 116 105 111 110 
50 162 1 0 21 47 115 109 97 114 116 104 111 109 101 47 116 104 101 114 109 111 115 116 97 116 
50 127 0 24 47 115 109 97 114 102 97 99 116 111 114 121 47 77 111 100 98 117 115 45 100 97 116 97 
50 130 1 0 24 47 115 109 97 114 102 97 99 116 111 114 121 47 77 111 100 98 117 115 45 100 97 116 97 
50 149 1 0 23 47 115 109 97 114 116 104 111 109 101 47 109 111 116 105 111 110 76 105 103 104 116 115 
50 130 1 0 24 47 115 109 97 114 102 97 99 116 111 114 121 47 77 111 100 98 117 115 45 100 97 116 97 
50 130 1 0 24 47 115 109 97 114 102 97 99 116 111 114 121 47 77 111 100 98 117 115 45 100 97 116 97 
50 149 1 0 23 47 115 109 97 114 116 104 111 109 101 47 109 111 116 105 111 110 76 105 103 104 116 115 
50 130 1 0 24 47 115 109 97 114 102 97 99 116 111 114 121 47 77 111 100 98 117 115 45 100 97 116 97 
50 172 1 0 25 47 115 109 97 114 116 104 111 109 101 47 119 101 97 116 104 101 114 83 116 97 116 105 111 110 
50 192 1 0 21 47 115 109 97 114 116 104 111 109 101 47 116 104 101 114 109 111 115 116 97 116 
50 125 0 24 47 115 109 97 114 102 97 99 116 111 114 121 47 77 111 100 98 117 115 45 100 97 116 97 
50 152 1 0 23 47 115 109 97 114 116 104 111 109 101 47 109 111 116 105 111 110 76 105 103 104 116 115 
50 125 0 24 47 115 109 97 114 102 97 99 116 111 114 121 47 77 111 100 98 117 115 45 100 97 116 97 
50 125 0 24 47 115 109 97 114 102 97 99 116 111 114 121 47 77 111 100 98 117 115 45 100 97 116 97 
50 152 1 0 23 47 115 109 97 114 116 104 111 109 101 47 109 111 116 105 111 110 76 105 103 104 116 115 
50 125 0 24 47 115 109 97 114 102 97 99 116 111 114 121 47 77 111 100 98 117 115 45 100 97 116 97 
50 152 1 0 23 47 115 109 97 114 116 104 111 109 101 47 109 111 116 105 111 110 76 105 103 104 116 115 
50 126 0 24 47 115 109 97 114 102 97 99 116 111 114 121 47 77 111 100 98 117 115 45 100 97 116 97 
50 171 1 0 25 47 115 109 97 114 116 104 111 109 101 47 119 101 97 116 104 101 114 83 116 97 116 105 111 110 
50 192 1 0 21 47 115 109 97 114 116 104 111 109 101 47 116 104 101 114 109 111 115 116 97 116 
50 126 0 24 47 115 109 97 114 102 97 99 116 111 114 121 47 77 111 100 98 117 115 45 100 97 116 97 
50 149 1 0 23 47 115 109 97 114 116 104 111 109 101 47 109 111 116 105 111 110 76 105 103 104 116 115 
50 126 0 24 47 115 109 97 114 102 97 99 116 111 114 121 47 77 111 100 98 117 115 45 100 97 116 97 
50 126 0 24 47 115 109 97 114 102 97 99 116 111 114 121 47 77 111 100 98 117 115 45 100 97 116 97 
50 152 1 0 23 47 115 109 97 114 116 104 111 109 101 47 109 111 116 105 111 110 76 105 103 104 116 115 
50 127 0 24 47 115 109 97 114 102 97 99 116 111 114 121 47 77 111 100 98 117 115 45 100 97 116 97 
50 152 1 0 23 47 115 109 97 114 116 104 111 109 101 47 109 111 116 105 111 110 76 105 103 104 116 115 
50 152 1 0 23 47 115 109 97 114 116 104 111 109 101 47 109 111 116 105 111 110 76 105 103 104 116 115 
50 172 1 0 25 47 115 109 97 114 116 104 111 109 101 47 119 101 97 116 104 101 114 83 116 97 116 105 111 110 
50 192 1 0 21 47 115 109 97 114 116 104 111 109 101 47 116 104 101 114 109 111 115 116 97 116 
50 127 0 24 47 115 109 97 114 102 97 99 116 111 114 121 47 77 111 100 98 117 115 45 100 97 116 97 
50 127 0 24 47 115 109 97 114 102 97 99 116 111 114 121 47 77 111 100 98 117 115 45 100 97 116 97 
50 128 1 0 24 47 115 109 97 114 102 97 99 116 111 114 121 47 77 111 100 98 117 115 45 100 97 116 97 239 126 123 34 100 97 116 97 34 58 91 51 54 51 49 56 44 50 54 52 53 51 44 49 51 50 55 55 44 51 57 57 49 52 93 44 34 98 117 102 102 101 114 34 58 123 34 116 121 112 101 34 58 34 66 117 102 102 101 114 34 44 34 100 97 116 97 34 58 91 49 52 49 44 50 50 50 44 49 48 51 44 56 53 44 53 49 44 50 50 49 44 49 53 53 44 50 51 52 93 125 125 
50 152 1 0 23 47 115 109 97 114 116 104 111 109 101 47 109 111 116 105 111 110 76 105 103 104 116 115 
50 149 1 0 23 47 115 109 97 114 116 104 111 109 101 47 109 111 116 105 111 110 76 105 103 104 116 115 
50 149 1 0 23 47 115 109 97 114 116 104 111 109 101 47 109 111 116 105 111 110 76 105 103 104 116 115 
50 171 1 0 25 47 115 109 97 114 116 104 111 109 101 47 119 101 97 116 104 101 114 83 116 97 116 105 111 110 
50 117 0 12 47 105 111 116 47 108 111 99 97 116 111 114 
50 127 0 24 47 115 109 97 114 102 97 99 116 111 114 121 47 77 111 100 98 117 115 45 100 97 116 97 
50 127 0 24 47 115 109 97 114 102 97 99 116 111 114 121 47 77 111 100 98 117 115 45 100 97 116 97 
50 152 1 0 23 47 115 109 97 114 116 104 111 109 101 47 109 111 116 105 111 110 76 105 103 104 116 115 
50 127 0 24 47 115 109 97 114 102 97 99 116 111 114 121 47 77 111 100 98 117 115 45 100 97 116 97 
50 128 1 0 24 47 115 109 97 114 102 97 99 116 111 114 121 47 77 111 100 98 117 115 45 100 97 116 97 239 185 123 34 100 97 116 97 34 58 91 53 52 52 51 54 44 50 51 49 56 55 44 49 49 50 51 55 44 50 56 56 48 56 93 44 34 98 117 102 102 101 114 34 58 123 34 116 121 112 101 34 58 34 66 117 102 102 101 114 34 44 34 100 97 116 97 34 58 91 50 49 50 44 49 54 52 44 57 48 44 49 52 55 44 52 51 44 50 50 57 44 49 49 50 44 49 51 54 93 125 125 
50 152 1 0 23 47 115 109 97 114 116 104 111 109 101 47 109 111 116 105 111 110 76 105 103 104 116 115 
50 128 1 0 24 47 115 109 97 114 102 97 99 116 111 114 121 47 77 111 100 98 117 115 45 100 97 116 97 239 187 123 34 100 97 116 97 34 58 91 53 52 52 51 54 44 50 51 49 56 55 44 49 49 50 51 55 44 50 56 56 48 56 93 44 34 98 117 102 102 101 114 34 58 123 34 116 121 112 101 34 58 34 66 117 102 102 101 114 34 44 34 100 97 116 97 34 58 91 50 49 50 44 49 54 52 44 57 48 44 49 52 55 44 52 51 44 50 50 57 44 49 49 50 44 49 51 54 93 125 125 
50 152 1 0 23 47 115 109 97 114 116 104 111 109 101 47 109 111 116 105 111 110 76 105 103 104 116 115 
50 152 1 0 23 47 115 109 97 114 116 104 111 109 101 47 109 111 116 105 111 110 76 105 103 104 116 115 
50 128 1 0 24 47 115 109 97 114 102 97 99 116 111 114 121 47 77 111 100 98 117 115 45 100 97 116 97 239 190 123 34 100 97 116 97 34 58 91 53 52 52 51 54 44 50 51 49 56 55 44 49 49 50 51 55 44 50 56 56 48 56 93 44 34 98 117 102 102 101 114 34 58 123 34 116 121 112 101 34 58 34 66 117 102 102 101 114 34 44 34 100 97 116 97 34 58 91 50 49 50 44 49 54 52 44 57 48 44 49 52 55 44 52 51 44 50 50 57 44 49 49 50 44 49 51 54 93 125 125 
50 149 1 0 23 47 115 109 97 114 116 104 111 109 101 47 109 111 116 105 111 110 76 105 103 104 116 115 
50 128 1 0 24 47 115 109 97 114 102 97 99 116 111 114 121 47 77 111 100 98 117 115 45 100 97 116 97 239 192 123 34 100 97 116 97 34 58 91 53 52 52 51 54 44 50 51 49 56 55 44 49 49 50 51 55 44 50 56 56 48 56 93 44 34 98 117 102 102 101 114 34 58 123 34 116 121 112 101 34 58 34 66 117 102 102 101 114 34 44 34 100 97 116 97 34 58 91 50 49 50 44 49 54 52 44 57 48 44 49 52 55 44 52 51 44 50 50 57 44 49 49 50 44 49 51 54 93 125 125 
50 124 0 24 47 115 109 97 114 102 97 99 116 111 114 121 47 77 111 100 98 117 115 45 100 97 116 97 
50 172 1 0 25 47 115 109 97 114 116 104 111 109 101 47 119 101 97 116 104 101 114 83 116 97 116 105 111 110 
50 190 1 0 21 47 115 109 97 114 116 104 111 109 101 47 116 104 101 114 109 111 115 116 97 116 
50 124 0 24 47 115 109 97 114 102 97 99 116 111 114 121 47 77 111 100 98 117 115 45 100 97 116 97 
50 149 1 0 23 47 115 109 97 114 116 104 111 109 101 47 109 111 116 105 111 110 76 105 103 104 116 115 
50 124 0 24 47 115 109 97 114 102 97 99 116 111 114 121 47 77 111 100 98 117 115 45 100 97 116 97 
50 149 1 0 23 47 115 109 97 114 116 104 111 109 101 47 109 111 116 105 111 110 76 105 103 104 116 115 
50 149 1 0 23 47 115 109 97 114 116 104 111 109 101 47 109 111 116 105 111 110 76 105 103 104 116 115 
50 124 0 24 47 115 109 97 114 102 97 99 116 111 114 121 47 77 111 100 98 117 115 45 100 97 116 97 
50 128 1 0 24 47 115 109 97 114 102 97 99 116 111 114 121 47 77 111 100 98 117 115 45 100 97 116 97 239 223 123 34 100 97 116 97 34 58 91 53 48 52 49 50 44 53 50 56 55 56 44 49 48 53 54 56 44 51 54 50 51 49 93 44 34 98 117 102 102 101 114 34 58 123 34 116 121 112 101 34 58 34 66 117 102 102 101 114 34 44 34 100 97 116 97 34 58 91 49 57 54 44 50 51 54 44 50 48 54 44 49 52 50 44 52 49 44 55 50 44 49 52 49 44 49 51 53 93 125 125 
50 128 1 0 24 47 115 109 97 114 102 97 99 116 111 114 121 47 77 111 100 98 117 115 45 100 97 116 97 239 224 123 34 100 97 116 97 34 58 91 53 48 52 49 50 44 53 50 56 55 56 44 49 48 53 54 56 44 51 54 50 51 49 93 44 34 98 117 102 102 101 114 34 58 123 34 116 121 112 101 34 58 34 66 117 102 102 101 114 34 44 34 100 97 116 97 34 58 91 49 57 54 44 50 51 54 44 50 48 54 44 49 52 50 44 52 49 44 55 50 44 49 52 49 44 49 51 53 93 125 125 
50 172 1 0 25 47 115 109 97 114 116 104 111 109 101 47 119 101 97 116 104 101 114 83 116 97 116 105 111 110 
50 186 1 0 21 47 115 109 97 114 116 104 111 109 101 47 116 104 101 114 109 111 115 116 97 116 
50 128 1 0 24 47 115 109 97 114 102 97 99 116 111 114 121 47 77 111 100 98 117 115 45 100 97 116 97 239 248 123 34 100 97 116 97 34 58 91 53 48 52 49 50 44 53 50 56 55 56 44 49 48 53 54 56 44 51 54 50 51 49 93 44 34 98 117 102 102 101 114 34 58 123 34 116 121 112 101 34 58 34 66 117 102 102 101 114 34 44 34 100 97 116 97 34 58 91 49 57 54 44 50 51 54 44 50 48 54 44 49 52 50 44 52 49 44 55 50 44 49 52 49 44 49 51 53 93 125 125 
50 128 1 0 24 47 115 109 97 114 102 97 99 116 111 114 121 47 77 111 100 98 117 115 45 100 97 116 97 239 249 123 34 100 97 116 97 34 58 91 53 48 52 49 50 44 53 50 56 55 56 44 49 48 53 54 56 44 51 54 50 51 49 93 44 34 98 117 102 102 101 114 34 58 123 34 116 121 112 101 34 58 34 66 117 102 102 101 114 34 44 34 100 97 116 97 34 58 91 49 57 54 44 50 51 54 44 50 48 54 44 49 52 50 44 52 49 44 55 50 44 49 52 49 44 49 51 53 93 125 125 
50 152 1 0 23 47 115 109 97 114 116 104 111 109 101 47 109 111 116 105 111 110 76 105 103 104 116 115 
50 126 0 24 47 115 109 97 114 102 97 99 116 111 114 121 47 77 111 100 98 117 115 45 100 97 116 97 
50 126 0 24 47 115 109 97 114 102 97 99 116 111 114 121 47 77 111 100 98 117 115 45 100 97 116 97 
50 152 1 0 23 47 115 109 97 114 116 104 111 109 101 47 109 111 116 105 111 110 76 105 103 104 116 115 
50 126 0 24 47 115 109 97 114 102 97 99 116 111 114 121 47 77 111 100 98 117 115 45 100 97 116 97 
50 171 1 0 25 47 115 109 97 114 116 104 111 109 101 47 119 101 97 116 104 101 114 83 116 97 116 105 111 110 
50 119 0 17 47 115 109 97 114 116 104 111 109 101 47 102 114 105 100 103 101 
50 126 0 24 47 115 109 97 114 102 97 99 116 111 114 121 47 77 111 100 98 117 115 45 100 97 116 97 
50 152 1 0 23 47 115 109 97 114 116 104 111 109 101 47 109 111 116 105 111 110 76 105 103 104 116 115 
50 127 0 24 47 115 109 97 114 102 97 99 116 111 114 121 47 77 111 100 98 117 115 45 100 97 116 97 
50 127 0 24 47 115 109 97 114 102 97 99 116 111 114 121 47 77 111 100 98 117 115 45 100 97 116 97 
50 127 0 24 47 115 109 97 114 102 97 99 116 111 114 121 47 77 111 100 98 117 115 45 100 97 116 97 
50 149 1 0 23 47 115 109 97 114 116 104 111 109 101 47 109 111 116 105 111 110 76 105 103 104 116 115 
50 127 0 24 47 115 109 97 114 102 97 99 116 111 114 121 47 77 111 100 98 117 115 45 100 97 116 97 
50 171 1 0 25 47 115 109 97 114 116 104 111 109 101 47 119 101 97 116 104 101 114 83 116 97 116 105 111 110 
50 122 0 17 47 115 109 97 114 116 104 111 109 101 47 102 114 105 100 103 101 
50 125 0 24 47 115 109 97 114 102 97 99 116 111 114 121 47 77 111 100 98 117 115 45 100 97 116 97 
50 152 1 0 23 47 115 109 97 114 116 104 111 109 101 47 109 111 116 105 111 110 76 105 103 104 116 115 
50 125 0 24 47 115 109 97 114 102 97 99 116 111 114 121 47 77 111 100 98 117 115 45 100 97 116 97 
50 125 0 24 47 115 109 97 114 102 97 99 116 111 114 121 47 77 111 100 98 117 115 45 100 97 116 97 
50 125 0 24 47 115 109 97 114 102 97 99 116 111 114 121 47 77 111 100 98 117 115 45 100 97 116 97 
50 124 0 24 47 115 109 97 114 102 97 99 116 111 114 121 47 77 111 100 98 117 115 45 100 97 116 97 
50 172 1 0 25 47 115 109 97 114 116 104 111 109 101 47 119 101 97 116 104 101 114 83 116 97 116 105 111 110 
50 192 1 0 21 47 115 109 97 114 116 104 111 109 101 47 116 104 101 114 109 111 115 116 97 116 
50 124 0 24 47 115 109 97 114 102 97 99 116 111 114 121 47 77 111 100 98 117 115 45 100 97 116 97 
50 149 1 0 23 47 115 109 97 114 116 104 111 109 101 47 109 111 116 105 111 110 76 105 103 104 116 115 
50 124 0 24 47 115 109 97 114 102 97 99 116 111 114 121 47 77 111 100 98 117 115 45 100 97 116 97 
50 124 0 24 47 115 109 97 114 102 97 99 116 111 114 121 47 77 111 100 98 117 115 45 100 97 116 97 
50 122 0 24 47 115 109 97 114 102 97 99 116 111 114 121 47 77 111 100 98 117 115 45 100 97 116 97 
50 152 1 0 23 47 115 109 97 114 116 104 111 109 101 47 109 111 116 105 111 110 76 105 103 104 116 115 
50 122 0 24 47 115 109 97 114 102 97 99 116 111 114 121 47 77 111 100 98 117 115 45 100 97 116 97 
50 172 1 0 25 47 115 109 97 114 116 104 111 109 101 47 119 101 97 116 104 101 114 83 116 97 116 105 111 110 
50 122 0 24 47 115 109 97 114 102 97 99 116 111 114 121 47 77 111 100 98 117 115 45 100 97 116 97 
50 152 1 0 23 47 115 109 97 114 116 104 111 109 101 47 109 111 116 105 111 110 76 105 103 104 116 115 
50 152 1 0 23 47 115 109 97 114 116 104 111 109 101 47 109 111 116 105 111 110 76 105 103 104 116 115 
50 170 1 0 25 47 115 109 97 114 116 104 111 109 101 47 119 101 97 116 104 101 114 83 116 97 116 105 111 110 
50 152 1 0 23 47 115 109 97 114 116 104 111 109 101 47 109 111 116 105 111 110 76 105 103 104 116 115 
50 129 1 0 24 47 115 109 97 114 102 97 99 116 111 114 121 47 77 111 100 98 117 115 45 100 97 116 97 
50 152 1 0 23 47 115 109 97 114 116 104 111 109 101 47 109 111 116 105 111 110 76 105 103 104 116 115 
50 149 1 0 23 47 115 109 97 114 116 104 111 109 101 47 109 111 116 105 111 110 76 105 103 104 116 115 
50 152 1 0 23 47 115 109 97 114 116 104 111 109 101 47 109 111 116 105 111 110 76 105 103 104 116 115 
50 129 1 0 24 47 115 109 97 114 102 97 99 116 111 114 121 47 77 111 100 98 117 115 45 100 97 116 97 
50 152 1 0 23 47 115 109 97 114 116 104 111 109 101 47 109 111 116 105 111 110 76 105 103 104 116 115 
50 124 0 24 47 115 109 97 114 102 97 99 116 111 114 121 47 77 111 100 98 117 115 45 100 97 116 97 
50 171 1 0 25 47 115 109 97 114 116 104 111 109 101 47 119 101 97 116 104 101 114 83 116 97 116 105 111 110 
50 123 0 17 47 115 109 97 114 116 104 111 109 101 47 102 114 105 100 103 101 
50 124 0 24 47 115 109 97 114 102 97 99 116 111 114 121 47 77 111 100 98 117 115 45 100 97 116 97 
50 149 1 0 23 47 115 109 97 114 116 104 111 109 101 47 109 111 116 105 111 110 76 105 103 104 116 115 
50 124 0 24 47 115 109 97 114 102 97 99 116 111 114 121 47 77 111 100 98 117 115 45 100 97 116 97 
50 152 1 0 23 47 115 109 97 114 116 104 111 109 101 47 109 111 116 105 111 110 76 105 103 104 116 115 
50 126 0 24 47 115 109 97 114 102 97 99 116 111 114 121 47 77 111 100 98 117 115 45 100 97 116 97 
50 126 0 24 47 115 109 97 114 102 97 99 116 111 114 121 47 77 111 100 98 117 115 45 100 97 116 97 
50 126 0 24 47 115 109 97 114 102 97 99 116 111 114 121 47 77 111 100 98 117 115 45 100 97 116 97 
50 126 0 24 47 115 109 97 114 102 97 99 116 111 114 121 47 77 111 100 98 117 115 45 100 97 116 97 
50 152 1 0 23 47 115 109 97 114 116 104 111 109 101 47 109 111 116 105 111 110 76 105 103 104 116 115 
50 125 0 24 47 115 109 97 114 102 97 99 116 111 114 121 47 77 111 100 98 117 115 45 100 97 116 97 
50 172 1 0 25 47 115 109 97 114 116 104 111 109 101 47 119 101 97 116 104 101 114 83 116 97 116 105 111 110 
50 149 1 0 23 47 115 109 97 114 116 104 111 109 101 47 109 111 116 105 111 110 76 105 103 104 116 115 
50 123 0 24 47 115 109 97 114 102 97 99 116 111 114 121 47 77 111 100 98 117 115 45 100 97 116 97 
50 123 0 24 47 115 109 97 114 102 97 99 116 111 114 121 47 77 111 100 98 117 115 45 100 97 116 97 
50 123 0 24 47 115 109 97 114 102 97 99 116 111 114 121 47 77 111 100 98 117 115 45 100 97 116 97 
50 122 0 24 47 115 109 97 114 102 97 99 116 111 114 121 47 77 111 100 98 117 115 45 100 97 116 97 
50 152 1 0 23 47 115 109 97 114 116 104 111 109 101 47 109 111 116 105 111 110 76 105 103 104 116 115 
50 170 1 0 25 47 115 109 97 114 116 104 111 109 101 47 119 101 97 116 104 101 114 83 116 97 116 105 111 110 
50 152 1 0 23 47 115 109 97 114 116 104 111 109 101 47 109 111 116 105 111 110 76 105 103 104 116 115 
50 152 1 0 23 47 115 109 97 114 116 104 111 109 101 47 109 111 116 105 111 110 76 105 103 104 116 115 
50 122 0 24 47 115 109 97 114 102 97 99 116 111 114 121 47 77 111 100 98 117 115 45 100 97 116 97 
50 122 0 24 47 115 109 97 114 102 97 99 116 111 114 121 47 77 111 100 98 117 115 45 100 97 116 97 
50 129 1 0 24 47 115 109 97 114 102 97 99 116 111 114 121 47 77 111 100 98 117 115 45 100 97 116 97 
50 129 1 0 24 47 115 109 97 114 102 97 99 116 111 114 121 47 77 111 100 98 117 115 45 100 97 116 97 
50 149 1 0 23 47 115 109 97 114 116 104 111 109 101 47 109 111 116 105 111 110 76 105 103 104 116 115 
50 171 1 0 25 47 115 109 97 114 116 104 111 109 101 47 119 101 97 116 104 101 114 83 116 97 116 105 111 110 
50 152 1 0 23 47 115 109 97 114 116 104 111 109 101 47 109 111 116 105 111 110 76 105 103 104 116 115 
50 152 1 0 23 47 115 109 97 114 116 104 111 109 101 47 109 111 116 105 111 110 76 105 103 104 116 115 
50 152 1 0 23 47 115 109 97 114 116 104 111 109 101 47 109 111 116 105 111 110 76 105 103 104 116 115 
50 129 1 0 24 47 115 109 97 114 102 97 99 116 111 114 121 47 77 111 100 98 117 115 45 100 97 116 97 
50 122 0 24 47 115 109 97 114 102 97 99 116 111 114 121 47 77 111 100 98 117 115 45 100 97 116 97 
50 122 0 24 47 115 109 97 114 102 97 99 116 111 114 121 47 77 111 100 98 117 115 45 100 97 116 97 
50 122 0 24 47 115 109 97 114 102 97 99 116 111 114 121 47 77 111 100 98 117 115 45 100 97 116 97 
50 171 1 0 25 47 115 109 97 114 116 104 111 109 101 47 119 101 97 116 104 101 114 83 116 97 116 105 111 110 
50 190 1 0 21 47 115 109 97 114 116 104 111 109 101 47 116 104 101 114 109 111 115 116 97 116 
50 122 0 24 47 115 109 97 114 102 97 99 116 111 114 121 47 77 111 100 98 117 115 45 100 97 116 97 
50 149 1 0 23 47 115 109 97 114 116 104 111 109 101 47 109 111 116 105 111 110 76 105 103 104 116 115 
50 152 1 0 23 47 115 109 97 114 116 104 111 109 101 47 109 111 116 105 111 110 76 105 103 104 116 115 
50 130 1 0 24 47 115 109 97 114 102 97 99 116 111 114 121 47 77 111 100 98 117 115 45 100 97 116 97 
50 130 1 0 24 47 115 109 97 114 102 97 99 116 111 114 121 47 77 111 100 98 117 115 45 100 97 116 97 
50 152 1 0 23 47 115 109 97 114 116 104 111 109 101 47 109 111 116 105 111 110 76 105 103 104 116 115 
50 130 1 0 24 47 115 109 97 114 102 97 99 116 111 114 121 47 77 111 100 98 117 115 45 100 97 116 97 
50 171 1 0 25 47 115 109 97 114 116 104 111 109 101 47 119 101 97 116 104 101 114 83 116 97 116 105 111 110 
50 190 1 0 21 47 115 109 97 114 116 104 111 109 101 47 116 104 101 114 109 111 115 116 97 116 
50 152 1 0 23 47 115 109 97 114 116 104 111 109 101 47 109 111 116 105 111 110 76 105 103 104 116 115 
50 126 0 24 47 115 109 97 114 102 97 99 116 111 114 121 47 77 111 100 98 117 115 45 100 97 116 97 
50 126 0 24 47 115 109 97 114 102 97 99 116 111 114 121 47 77 111 100 98 117 115 45 100 97 116 97 
50 126 0 24 47 115 109 97 114 102 97 99 116 111 114 121 47 77 111 100 98 117 115 45 100 97 116 97 
50 149 1 0 23 47 115 109 97 114 116 104 111 109 101 47 109 111 116 105 111 110 76 105 103 104 116 115 
50 125 0 24 47 115 109 97 114 102 97 99 116 111 114 121 47 77 111 100 98 117 115 45 100 97 116 97 
50 152 1 0 23 47 115 109 97 114 116 104 111 109 101 47 109 111 116 105 111 110 76 105 103 104 116 115 
50 172 1 0 25 47 115 109 97 114 116 104 111 109 101 47 119 101 97 116 104 101 114 83 116 97 116 105 111 110 
50 138 1 0 21 47 115 109 97 114 116 104 111 109 101 47 103 97 114 97 103 101 68 111 111 114 
50 152 1 0 23 47 115 109 97 114 116 104 111 109 101 47 109 111 116 105 111 110 76 105 103 104 116 115 
50 149 1 0 23 47 115 109 97 114 116 104 111 109 101 47 109 111 116 105 111 110 76 105 103 104 116 115 
50 125 0 24 47 115 109 97 114 102 97 99 116 111 114 121 47 77 111 100 98 117 115 45 100 97 116 97 
50 125 0 24 47 115 109 97 114 102 97 99 116 111 114 121 47 77 111 100 98 117 115 45 100 97 116 97 
50 124 0 24 47 115 109 97 114 102 97 99 116 111 114 121 47 77 111 100 98 117 115 45 100 97 116 97 
50 124 0 24 47 115 109 97 114 102 97 99 116 111 114 121 47 77 111 100 98 117 115 45 100 97 116 97 
50 149 1 0 23 47 115 109 97 114 116 104 111 109 101 47 109 111 116 105 111 110 76 105 103 104 116 115 
50 172 1 0 25 47 115 109 97 114 116 104 111 109 101 47 119 101 97 116 104 101 114 83 116 97 116 105 111 110 
50 142 1 0 21 47 115 109 97 114 116 104 111 109 101 47 103 97 114 97 103 101 68 111 111 114 
50 152 1 0 23 47 115 109 97 114 116 104 111 109 101 47 109 111 116 105 111 110 76 105 103 104 116 115 
50 124 0 24 47 115 109 97 114 102 97 99 116 111 114 121 47 77 111 100 98 117 115 45 100 97 116 97 
50 124 0 24 47 115 109 97 114 102 97 99 116 111 114 121 47 77 111 100 98 117 115 45 100 97 116 97 
50 152 1 0 23 47 115 109 97 114 116 104 111 109 101 47 109 111 116 105 111 110 76 105 103 104 116 115 
50 124 0 24 47 115 109 97 114 102 97 99 116 111 114 121 47 77 111 100 98 117 115 45 100 97 116 97 
50 124 0 24 47 115 109 97 114 102 97 99 116 111 114 121 47 77 111 100 98 117 115 45 100 97 116 97 
50 171 1 0 25 47 115 109 97 114 116 104 111 109 101 47 119 101 97 116 104 101 114 83 116 97 116 105 111 110 
50 192 1 0 21 47 115 109 97 114 116 104 111 109 101 47 116 104 101 114 109 111 115 116 97 116 
50 149 1 0 23 47 115 109 97 114 116 104 111 109 101 47 109 111 116 105 111 110 76 105 103 104 116 115 
50 152 1 0 23 47 115 109 97 114 116 104 111 109 101 47 109 111 116 105 111 110 76 105 103 104 116 115 
50 124 0 24 47 115 109 97 114 102 97 99 116 111 114 121 47 77 111 100 98 117 115 45 100 97 116 97 
50 124 0 24 47 115 109 97 114 102 97 99 116 111 114 121 47 77 111 100 98 117 115 45 100 97 116 97 
50 152 1 0 23 47 115 109 97 114 116 104 111 109 101 47 109 111 116 105 111 110 76 105 103 104 116 115 
50 152 1 0 23 47 115 109 97 114 116 104 111 109 101 47 109 111 116 105 111 110 76 105 103 104 116 115 
50 124 0 24 47 115 109 97 114 102 97 99 116 111 114 121 47 77 111 100 98 117 115 45 100 97 116 97 
50 124 0 24 47 115 109 97 114 102 97 99 116 111 114 121 47 77 111 100 98 117 115 45 100 97 116 97 
50 171 1 0 25 47 115 109 97 114 116 104 111 109 101 47 119 101 97 116 104 101 114 83 116 97 116 105 111 110 
50 192 1 0 21 47 115 109 97 114 116 104 111 109 101 47 116 104 101 114 109 111 115 116 97 116 
50 128 1 0 24 47 115 109 97 114 102 97 99 116 111 114 121 47 77 111 100 98 117 115 45 100 97 116 97 242 70 123 34 100 97 116 97 34 58 91 53 48 52 53 48 44 53 52 57 53 49 44 52 49 55 54 48 44 50 57 56 57 52 93 44 34 98 117 102 102 101 114 34 58 123 34 116 121 112 101 34 58 34 66 117 102 102 101 114 34 44 34 100 97 116 97 34 58 91 49 57 55 44 49 56 44 50 49 52 44 49 54 55 44 49 54 51 44 51 50 44 49 49 54 44 49 57 56 93 125 125 
50 152 1 0 23 47 115 109 97 114 116 104 111 109 101 47 109 111 116 105 111 110 76 105 103 104 116 115 
50 128 1 0 24 47 115 109 97 114 102 97 99 116 111 114 121 47 77 111 100 98 117 115 45 100 97 116 97 242 72 123 34 100 97 116 97 34 58 91 53 48 52 53 48 44 53 52 57 53 49 44 52 49 55 54 48 44 50 57 56 57 52 93 44 34 98 117 102 102 101 114 34 58 123 34 116 121 112 101 34 58 34 66 117 102 102 101 114 34 44 34 100 97 116 97 34 58 91 49 57 55 44 49 56 44 50 49 52 44 49 54 55 44 49 54 51 44 51 50 44 49 49 54 44 49 57 56 93 125 125 
50 128 1 0 24 47 115 109 97 114 102 97 99 116 111 114 121 47 77 111 100 98 117 115 45 100 97 116 97 242 73 123 34 100 97 116 97 34 58 91 53 48 52 53 48 44 53 52 57 53 49 44 52 49 55 54 48 44 50 57 56 57 52 93 44 34 98 117 102 102 101 114 34 58 123 34 116 121 112 101 34 58 34 66 117 102 102 101 114 34 44 34 100 97 116 97 34 58 91 49 57 55 44 49 56 44 50 49 52 44 49 54 55 44 49 54 51 44 51 50 44 49 49 54 44 49 57 56 93 125 125 
50 149 1 0 23 47 115 109 97 114 116 104 111 109 101 47 109 111 116 105 111 110 76 105 103 104 116 115 
50 149 1 0 23 47 115 109 97 114 116 104 111 109 101 47 109 111 116 105 111 110 76 105 103 104 116 115 
50 128 1 0 24 47 115 109 97 114 102 97 99 116 111 114 121 47 77 111 100 98 117 115 45 100 97 116 97 242 76 123 34 100 97 116 97 34 58 91 53 48 52 53 48 44 53 52 57 53 49 44 52 49 55 54 48 44 50 57 56 57 52 93 44 34 98 117 102 102 101 114 34 58 123 34 116 121 112 101 34 58 34 66 117 102 102 101 114 34 44 34 100 97 116 97 34 58 91 49 57 55 44 49 56 44 50 49 52 44 49 54 55 44 49 54 51 44 51 50 44 49 49 54 44 49 57 56 93 125 125 
50 128 1 0 24 47 115 109 97 114 102 97 99 116 111 114 121 47 77 111 100 98 117 115 45 100 97 116 97 242 77 123 34 100 97 116 97 34 58 91 53 50 57 48 53 44 52 53 52 57 54 44 52 55 54 49 54 44 50 55 56 55 57 93 44 34 98 117 102 102 101 114 34 58 123 34 116 121 112 101 34 58 34 66 117 102 102 101 114 34 44 34 100 97 116 97 34 58 91 50 48 54 44 49 54 57 44 49 55 55 44 49 56 52 44 49 56 54 44 48 44 49 48 56 44 50 51 49 93 125 125 
50 171 1 0 25 47 115 109 97 114 116 104 111 109 101 47 119 101 97 116 104 101 114 83 116 97 116 105 111 110 
50 190 1 0 21 47 115 109 97 114 116 104 111 109 101 47 116 104 101 114 109 111 115 116 97 116 
50 128 1 0 24 47 115 109 97 114 102 97 99 116 111 114 121 47 77 111 100 98 117 115 45 100 97 116 97 242 102 123 34 100 97 116 97 34 58 91 53 50 57 48 53 44 52 53 52 57 54 44 52 55 54 49 54 44 50 55 56 55 57 93 44 34 98 117 102 102 101 114 34 58 123 34 116 121 112 101 34 58 34 66 117 102 102 101 114 34 44 34 100 97 116 97 34 58 91 50 48 54 44 49 54 57 44 49 55 55 44 49 56 52 44 49 56 54 44 48 44 49 48 56 44 50 51 49 93 125 125 
50 149 1 0 23 47 115 109 97 114 116 104 111 109 101 47 109 111 116 105 111 110 76 105 103 104 116 115 
50 128 1 0 24 47 115 109 97 114 102 97 99 116 111 114 121 47 77 111 100 98 117 115 45 100 97 116 97 242 104 123 34 100 97 116 97 34 58 91 53 50 57 48 53 44 52 53 52 57 54 44 52 55 54 49 54 44 50 55 56 55 57 93 44 34 98 117 102 102 101 114 34 58 123 34 116 121 112 101 34 58 34 66 117 102 102 101 114 34 44 34 100 97 116 97 34 58 91 50 48 54 44 49 54 57 44 49 55 55 44 49 56 52 44 49 56 54 44 48 44 49 48 56 44 50 51 49 93 125 125 
50 128 1 0 24 47 115 109 97 114 102 97 99 116 111 114 121 47 77 111 100 98 117 115 45 100 97 116 97 242 105 123 34 100 97 116 97 34 58 91 53 50 57 48 53 44 52 53 52 57 54 44 52 55 54 49 54 44 50 55 56 55 57 93 44 34 98 117 102 102 101 114 34 58 123 34 116 121 112 101 34 58 34 66 117 102 102 101 114 34 44 34 100 97 116 97 34 58 91 50 48 54 44 49 54 57 44 49 55 55 44 49 56 52 44 49 56 54 44 48 44 49 48 56 44 50 51 49 93 125 125 
50 126 0 24 47 115 109 97 114 102 97 99 116 111 114 121 47 77 111 100 98 117 115 45 100 97 116 97 
50 126 0 24 47 115 109 97 114 102 97 99 116 111 114 121 47 77 111 100 98 117 115 45 100 97 116 97 
50 172 1 0 25 47 115 109 97 114 116 104 111 109 101 47 119 101 97 116 104 101 114 83 116 97 116 105 111 110 
50 192 1 0 21 47 115 109 97 114 116 104 111 109 101 47 116 104 101 114 109 111 115 116 97 116 
50 152 1 0 23 47 115 109 97 114 116 104 111 109 101 47 109 111 116 105 111 110 76 105 103 104 116 115 
50 152 1 0 23 47 115 109 97 114 116 104 111 109 101 47 109 111 116 105 111 110 76 105 103 104 116 115 
50 127 0 24 47 115 109 97 114 102 97 99 116 111 114 121 47 77 111 100 98 117 115 45 100 97 116 97 
50 127 0 24 47 115 109 97 114 102 97 99 116 111 114 121 47 77 111 100 98 117 115 45 100 97 116 97 
50 172 1 0 25 47 115 109 97 114 116 104 111 109 101 47 119 101 97 116 104 101 114 83 116 97 116 105 111 110 
50 188 1 0 21 47 115 109 97 114 116 104 111 109 101 47 116 104 101 114 109 111 115 116 97 116 
50 49 52 57 54 52 53 49 53 50 50 57 55 125 50 172 1 0 25 47 115 109 97 114 116 104 111 109 101 47 119 101 97 116 104 101 114 83 116 97 116 105 111 110 242 161 123 34 105 100 34 58 49 44 34 116 105 109 101 115 116 97 109 112 34 58 34 87 101 100 44 32 48 51 32 65 112 114 32 50 48 49 57 32 48 56 58 49 50 58 49 49 32 71 77 84 34 44 34 116 101 109 112 101 114 97 116 117 114 101 34 58 51 52 46 52 52 52 49 56 50 55 50 53 57 48 56 48 49 44 34 112 114 101 115 115 117 114 101 34 58 49 55 46 50 48 51 50 57 53 49 48 53 56 49 48 54 52 54 44 34 104 117 109 105 100 105 116 121 34 58 55 53 46 53 52 48 57 54 57 49 48 52 51 53 57 50 53 125 50 171 1 0 25 47 115 109 97 114 116 104 111 109 101 47 119 101 97 116 104 101 114 83 116 97 116 105 111 110 242 162 123 34 105 100 34 58 49 44 34 116 105 109 101 115 116 97 109 112 34 58 34 87 101 100 44 32 48 51 32 65 112 114 32 50 48 49 57 32 48 56 58 49 50 58 49 49 32 71 77 84 34 44 34 116 101 109 112 101 114 97 116 117 114 101 34 58 52 51 46 48 55 57 48 50 52 53 54 54 51 51 53 57 53 44 34 112 114 101 115 115 117 114 101 34 58 52 46 51 51 54 57 56 50 57 56 52 55 52 55 57 49 51 44 34 104 117 109 105 100 105 116 121 34 58 51 51 46 50 49 52 50 49 57 56 56 55 50 50 55 54 50 125 50 149 1 0 23 47 115 109 97 114 116 104 111 109 101 47 109 111 116 105 111 110 76 105 103 104 116 115 242 163 123 34 105 100 34 58 52 44 34 116 105 109 101 115 116 97 109 112 34 58 34 87 101 100 44 32 48 51 32 65 112 114 32 50 48 49 57 32 48 56 58 49 50 58 49 49 32 71 77 84 34 44 34 77 111 116 105 111 110 32 68 101 116 101 99 116 101 100 34 58 116 114 117 101 44 34 76 105 103 104 116 115 32 67 111 110 100 105 116 105 111 110 34 58 116 114 117 101 44 34 109 101 115 115 97 103 101 34 58 34 76 105 103 104 116 115 32 111 110 46 34 125 
50 127 0 24 47 115 109 97 114 102 97 99 116 111 114 121 47 77 111 100 98 117 115 45 100 97 116 97 
50 149 1 0 23 47 115 109 97 114 116 104 111 109 101 47 109 111 116 105 111 110 76 105 103 104 116 115 
50 149 1 0 23 47 115 109 97 114 116 104 111 109 101 47 109 111 116 105 111 110 76 105 103 104 116 115 
50 125 0 24 47 115 109 97 114 102 97 99 116 111 114 121 47 77 111 100 98 117 115 45 100 97 116 97 
50 171 1 0 25 47 115 109 97 114 116 104 111 109 101 47 119 101 97 116 104 101 114 83 116 97 116 105 111 110 
50 190 1 0 21 47 115 109 97 114 116 104 111 109 101 47 116 104 101 114 109 111 115 116 97 116 
50 125 0 24 47 115 109 97 114 102 97 99 116 111 114 121 47 77 111 100 98 117 115 45 100 97 116 97 
50 125 0 24 47 115 109 97 114 102 97 99 116 111 114 121 47 77 111 100 98 117 115 45 100 97 116 97 
50 123 0 24 47 115 109 97 114 102 97 99 116 111 114 121 47 77 111 100 98 117 115 45 100 97 116 97 
50 149 1 0 23 47 115 109 97 114 116 104 111 109 101 47 109 111 116 105 111 110 76 105 103 104 116 115 
50 152 1 0 23 47 115 109 97 114 116 104 111 109 101 47 109 111 116 105 111 110 76 105 103 104 116 115 
50 171 1 0 25 47 115 109 97 114 116 104 111 109 101 47 119 101 97 116 104 101 114 83 116 97 116 105 111 110 
50 121 0 17 47 115 109 97 114 116 104 111 109 101 47 102 114 105 100 103 101 
50 123 0 24 47 115 109 97 114 102 97 99 116 111 114 121 47 77 111 100 98 117 115 45 100 97 116 97 
50 152 1 0 23 47 115 109 97 114 116 104 111 109 101 47 109 111 116 105 111 110 76 105 103 104 116 115 
50 123 0 24 47 115 109 97 114 102 97 99 116 111 114 121 47 77 111 100 98 117 115 45 100 97 116 97 
50 124 0 24 47 115 109 97 114 102 97 99 116 111 114 121 47 77 111 100 98 117 115 45 100 97 116 97 
50 124 0 24 47 115 109 97 114 102 97 99 116 111 114 121 47 77 111 100 98 117 115 45 100 97 116 97 
50 152 1 0 23 47 115 109 97 114 116 104 111 109 101 47 109 111 116 105 111 110 76 105 103 104 116 115 
50 171 1 0 25 47 115 109 97 114 116 104 111 109 101 47 119 101 97 116 104 101 114 83 116 97 116 105 111 110 
50 117 0 12 47 105 111 116 47 108 111 99 97 116 111 114 
50 123 0 17 47 115 109 97 114 116 104 111 109 101 47 102 114 105 100 103 101 
50 152 1 0 23 47 115 109 97 114 116 104 111 109 101 47 109 111 116 105 111 110 76 105 103 104 116 115 
50 149 1 0 23 47 115 109 97 114 116 104 111 109 101 47 109 111 116 105 111 110 76 105 103 104 116 115 
50 152 1 0 23 47 115 109 97 114 116 104 111 109 101 47 109 111 116 105 111 110 76 105 103 104 116 115 
50 152 1 0 23 47 115 109 97 114 116 104 111 109 101 47 109 111 116 105 111 110 76 105 103 104 116 115 
50 152 1 0 23 47 115 109 97 114 116 104 111 109 101 47 109 111 116 105 111 110 76 105 103 104 116 115 
50 124 0 24 47 115 109 97 114 102 97 99 116 111 114 121 47 77 111 100 98 117 115 45 100 97 116 97 
50 129 1 0 24 47 115 109 97 114 102 97 99 116 111 114 121 47 77 111 100 98 117 115 45 100 97 116 97 
50 129 1 0 24 47 115 109 97 114 102 97 99 116 111 114 121 47 77 111 100 98 117 115 45 100 97 116 97 
50 152 1 0 23 47 115 109 97 114 116 104 111 109 101 47 109 111 116 105 111 110 76 105 103 104 116 115 
50 152 1 0 23 47 115 109 97 114 116 104 111 109 101 47 109 111 116 105 111 110 76 105 103 104 116 115 
50 129 1 0 24 47 115 109 97 114 102 97 99 116 111 114 121 47 77 111 100 98 117 115 45 100 97 116 97 
50 129 1 0 24 47 115 109 97 114 102 97 99 116 111 114 121 47 77 111 100 98 117 115 45 100 97 116 97 
50 152 1 0 23 47 115 109 97 114 116 104 111 109 101 47 109 111 116 105 111 110 76 105 103 104 116 115 
50 130 1 0 24 47 115 109 97 114 102 97 99 116 111 114 121 47 77 111 100 98 117 115 45 100 97 116 97 
50 152 1 0 23 47 115 109 97 114 116 104 111 109 101 47 109 111 116 105 111 110 76 105 103 104 116 115 
50 130 1 0 24 47 115 109 97 114 102 97 99 116 111 114 121 47 77 111 100 98 117 115 45 100 97 116 97 
50 130 1 0 24 47 115 109 97 114 102 97 99 116 111 114 121 47 77 111 100 98 117 115 45 100 97 116 97 
50 149 1 0 23 47 115 109 97 114 116 104 111 109 101 47 109 111 116 105 111 110 76 105 103 104 116 115 
50 152 1 0 23 47 115 109 97 114 116 104 111 109 101 47 109 111 116 105 111 110 76 105 103 104 116 115 
50 130 1 0 24 47 115 109 97 114 102 97 99 116 111 114 121 47 77 111 100 98 117 115 45 100 97 116 97 
50 127 0 24 47 115 109 97 114 102 97 99 116 111 114 121 47 77 111 100 98 117 115 45 100 97 116 97 
50 152 1 0 23 47 115 109 97 114 116 104 111 109 101 47 109 111 116 105 111 110 76 105 103 104 116 115 
50 127 0 24 47 115 109 97 114 102 97 99 116 111 114 121 47 77 111 100 98 117 115 45 100 97 116 97 
50 149 1 0 23 47 115 109 97 114 116 104 111 109 101 47 109 111 116 105 111 110 76 105 103 104 116 115 
50 127 0 24 47 115 109 97 114 102 97 99 116 111 114 121 47 77 111 100 98 117 115 45 100 97 116 97 
50 127 0 24 47 115 109 97 114 102 97 99 116 111 114 121 47 77 111 100 98 117 115 45 100 97 116 97 
50 149 1 0 23 47 115 109 97 114 116 104 111 109 101 47 109 111 116 105 111 110 76 105 103 104 116 115 
50 171 1 0 25 47 115 109 97 114 116 104 111 109 101 47 119 101 97 116 104 101 114 83 116 97 116 105 111 110 
50 128 1 0 24 47 115 109 97 114 102 97 99 116 111 114 121 47 77 111 100 98 117 115 45 100 97 116 97 243 142 123 34 100 97 116 97 34 58 91 53 54 57 56 54 44 54 48 55 49 49 44 54 51 56 51 50 44 53 55 50 56 50 93 44 34 98 117 102 102 101 114 34 58 123 34 116 121 112 101 34 58 34 66 117 102 102 101 114 34 44 34 100 97 116 97 34 58 91 50 50 50 44 49 53 52 44 50 51 55 44 51 57 44 50 52 57 44 56 56 44 50 50 51 44 49 57 52 93 125 125 
50 128 1 0 24 47 115 109 97 114 102 97 99 116 111 114 121 47 77 111 100 98 117 115 45 100 97 116 97 243 143 123 34 100 97 116 97 34 58 91 53 54 57 56 54 44 54 48 55 49 49 44 54 51 56 51 50 44 53 55 50 56 50 93 44 34 98 117 102 102 101 114 34 58 123 34 116 121 112 101 34 58 34 66 117 102 102 101 114 34 44 34 100 97 116 97 34 58 91 50 50 50 44 49 53 52 44 50 51 55 44 51 57 44 50 52 57 44 56 56 44 50 50 51 44 49 57 52 93 125 125 
50 152 1 0 23 47 115 109 97 114 116 104 111 109 101 47 109 111 116 105 111 110 76 105 103 104 116 115 
50 152 1 0 23 47 115 109 97 114 116 104 111 109 101 47 109 111 116 105 111 110 76 105 103 104 116 115 
50 128 1 0 24 47 115 109 97 114 102 97 99 116 111 114 121 47 77 111 100 98 117 115 45 100 97 116 97 243 146 123 34 100 97 116 97 34 58 91 53 54 57 56 54 44 54 48 55 49 49 44 54 51 56 51 50 44 53 55 50 56 50 93 44 34 98 117 102 102 101 114 34 58 123 34 116 121 112 101 34 58 34 66 117 102 102 101 114 34 44 34 100 97 116 97 34 58 91 50 50 50 44 49 53 52 44 50 51 55 44 51 57 44 50 52 57 44 56 56 44 50 50 51 44 49 57 52 93 125 125 
50 128 1 0 24 47 115 109 97 114 102 97 99 116 111 114 121 47 77 111 100 98 117 115 45 100 97 116 97 243 147 123 34 100 97 116 97 34 58 91 53 54 57 56 54 44 54 48 55 49 49 44 54 51 56 51 50 44 53 55 50 56 50 93 44 34 98 117 102 102 101 114 34 58 123 34 116 121 112 101 34 58 34 66 117 102 102 101 114 34 44 34 100 97 116 97 34 58 91 50 50 50 44 49 53 52 44 50 51 55 44 51 57 44 50 52 57 44 56 56 44 50 50 51 44 49 57 52 93 125 125 
50 127 0 24 47 115 109 97 114 102 97 99 116 111 114 121 47 77 111 100 98 117 115 45 100 97 116 97 
50 171 1 0 25 47 115 109 97 114 116 104 111 109 101 47 119 101 97 116 104 101 114 83 116 97 116 105 111 110 
50 127 0 24 47 115 109 97 114 102 97 99 116 111 114 121 47 77 111 100 98 117 115 45 100 97 116 97 
50 149 1 0 23 47 115 109 97 114 116 104 111 109 101 47 109 111 116 105 111 110 76 105 103 104 116 115 
50 149 1 0 23 47 115 109 97 114 116 104 111 109 101 47 109 111 116 105 111 110 76 105 103 104 116 115 
50 125 0 24 47 115 109 97 114 102 97 99 116 111 114 121 47 77 111 100 98 117 115 45 100 97 116 97 
50 171 1 0 25 47 115 109 97 114 116 104 111 109 101 47 119 101 97 116 104 101 114 83 116 97 116 105 111 110 
50 192 1 0 21 47 115 109 97 114 116 104 111 109 101 47 116 104 101 114 109 111 115 116 97 116 
50 152 1 0 23 47 115 109 97 114 116 104 111 109 101 47 109 111 116 105 111 110 76 105 103 104 116 115 
50 125 0 24 47 115 109 97 114 102 97 99 116 111 114 121 47 77 111 100 98 117 115 45 100 97 116 97 
50 125 0 24 47 115 109 97 114 102 97 99 116 111 114 121 47 77 111 100 98 117 115 45 100 97 116 97 
50 152 1 0 23 47 115 109 97 114 116 104 111 109 101 47 109 111 116 105 111 110 76 105 103 104 116 115 
50 126 0 24 47 115 109 97 114 102 97 99 116 111 114 121 47 77 111 100 98 117 115 45 100 97 116 97 
50 152 1 0 23 47 115 109 97 114 116 104 111 109 101 47 109 111 116 105 111 110 76 105 103 104 116 115 
50 126 0 24 47 115 109 97 114 102 97 99 116 111 114 121 47 77 111 100 98 117 115 45 100 97 116 97 
50 171 1 0 25 47 115 109 97 114 116 104 111 109 101 47 119 101 97 116 104 101 114 83 116 97 116 105 111 110 
50 149 1 0 23 47 115 109 97 114 116 104 111 109 101 47 109 111 116 105 111 110 76 105 103 104 116 115 
50 126 0 24 47 115 109 97 114 102 97 99 116 111 114 121 47 77 111 100 98 117 115 45 100 97 116 97 
50 152 1 0 23 47 115 109 97 114 116 104 111 109 101 47 109 111 116 105 111 110 76 105 103 104 116 115 
50 126 0 24 47 115 109 97 114 102 97 99 116 111 114 121 47 77 111 100 98 117 115 45 100 97 116 97 
50 127 0 24 47 115 109 97 114 102 97 99 116 111 114 121 47 77 111 100 98 117 115 45 100 97 116 97 
50 152 1 0 23 47 115 109 97 114 116 104 111 109 101 47 109 111 116 105 111 110 76 105 103 104 116 115 
50 127 0 24 47 115 109 97 114 102 97 99 116 111 114 121 47 77 111 100 98 117 115 45 100 97 116 97 
50 149 1 0 23 47 115 109 97 114 116 104 111 109 101 47 109 111 116 105 111 110 76 105 103 104 116 115 
50 172 1 0 25 47 115 109 97 114 116 104 111 109 101 47 119 101 97 116 104 101 114 83 116 97 116 105 111 110 
50 127 0 24 47 115 109 97 114 102 97 99 116 111 114 121 47 77 111 100 98 117 115 45 100 97 116 97 
50 55 46 50 53 53 52 49 49 56 57 54 51 55 52 53 57 51 32 65 67 32 111 110 46 34 125 50 116 0 12 47 105 111 116 47 108 111 99 97 116 111 114 244 6 123 34 105 100 34 58 51 44 34 116 105 109 101 115 116 97 109 112 34 58 34 87 101 100 44 32 48 51 32 65 112 114 32 50 48 49 57 32 48 56 58 49 51 58 49 56 32 71 77 84 34 44 34 108 97 116 34 58 53 51 53 46 56 52 48 55 53 51 48 57 57 50 55 48 56 44 34 108 111 110 103 34 58 53 52 57 46 56 51 55 55 53 52 48 54 51 49 53 55 125 50 172 1 0 25 47 115 109 97 114 116 104 111 109 101 47 119 101 97 116 104 101 114 83 116 97 116 105 111 110 244 7 123 34 105 100 34 58 49 44 34 116 105 109 101 115 116 97 109 112 34 58 34 87 101 100 44 32 48 51 32 65 112 114 32 50 48 49 57 32 48 56 58 49 51 58 49 56 32 71 77 84 34 44 34 116 101 109 112 101 114 97 116 117 114 101 34 58 51 52 46 55 54 55 49 52 57 54 48 51 57 51 53 54 50 44 34 112 114 101 115 115 117 114 101 34 58 49 55 46 48 52 57 49 55 57 52 49 52 53 57 55 49 48 54 44 34 104 117 109 105 100 105 116 121 34 58 55 48 46 52 53 53 55 49 50 51 49 48 50 52 51 48 54 125 50 171 1 0 25 47 115 109 97 114 116 104 111 109 101 47 119 101 97 116 104 101 114 83 116 97 116 105 111 110 244 8 123 34 105 100 34 58 49 44 34 116 105 109 101 115 116 97 109 112 34 58 34 87 101 100 44 32 48 51 32 65 112 114 32 50 48 49 57 32 48 56 58 49 51 58 49 56 32 71 77 84 34 44 34 116 101 109 112 101 114 97 116 117 114 101 34 58 52 51 46 55 49 55 55 49 54 56 54 53 48 57 53 57 52 44 34 112 114 101 115 115 117 114 101 34 58 52 46 48 57 52 57 52 56 49 48 54 48 52 57 57 50 54 44 34 104 117 109 105 100 105 116 121 34 58 51 48 46 56 53 50 57 56 50 54 50 54 51 50 56 48 51 125 
50 127 0 24 47 115 109 97 114 102 97 99 116 111 114 121 47 77 111 100 98 117 115 45 100 97 116 97 
50 152 1 0 23 47 115 109 97 114 116 104 111 109 101 47 109 111 116 105 111 110 76 105 103 104 116 115 
50 127 0 24 47 115 109 97 114 102 97 99 116 111 114 121 47 77 111 100 98 117 115 45 100 97 116 97 
50 149 1 0 23 47 115 109 97 114 116 104 111 109 101 47 109 111 116 105 111 110 76 105 103 104 116 115 
50 152 1 0 23 47 115 109 97 114 116 104 111 109 101 47 109 111 116 105 111 110 76 105 103 104 116 115 
