85 3 207 48
85 3 207 49
85 2 207 50
85 3 207 51
85 2 207 52
85 3 207 53
85 2 207 54
85 3 207 55
85 3 207 56
85 2 207 57
85 2 207 58
85 3 207 59
85 3 207 60
85 2 207 61
85 2 207 62
85 3 207 63
85 3 207 64
85 2 207 65
85 2 207 66
85 3 207 67
85 3 207 68
85 2 207 69
85 2 207 70
85 3 207 71
85 3 207 72
85 2 207 73
85 3 207 74
85 2 207 75
85 3 207 76
85 2 207 77
85 3 207 78
85 3 207 79
85 2 207 80
85 2 207 81
85 3 207 82
85 3 207 83
85 2 207 84
85 3 207 85
85 3 207 86
85 2 207 87
85 3 207 88
85 2 207 89
85 3 207 90
85 3 207 91
85 2 207 92
85 3 207 93
85 2 207 94
85 3 207 95
85 2 207 96
85 3 207 97
85 3 207 98
85 3 207 99
85 2 207 100
85 2 207 101
85 3 207 102
85 3 207 103
85 3 207 104
85 2 207 105
85 2 207 106
85 3 207 107
85 2 207 108
85 3 207 109
85 2 207 110
85 3 207 111
85 2 207 112
85 3 207 113
85 2 207 114
85 3 207 115
85 3 207 116
85 2 207 117
85 2 207 118
85 3 207 119
85 3 207 120
85 2 207 121
85 2 207 122
85 3 207 123
85 2 207 124
85 2 207 125
85 2 207 126
85 2 207 127
85 2 207 128
85 2 207 129
85 2 207 130
85 2 207 131
85 2 207 132
85 2 207 133
85 2 207 134
85 2 207 135
85 2 207 136
85 2 207 137
85 2 207 138
85 2 207 139
85 2 207 140
85 2 207 141
85 2 207 142
85 2 207 143
85 2 207 144
85 2 207 145
85 2 207 146
85 2 207 147
85 2 207 148
85 2 207 149
85 2 207 150
85 3 207 151
85 2 207 152
85 3 207 153
85 3 207 154
85 2 207 155
85 2 207 156
85 3 207 157
85 3 207 158
85 2 207 159
85 2 207 160
85 3 207 161
85 3 207 162
85 2 207 163
85 2 207 164
85 3 207 165
85 3 207 166
85 2 207 167
85 2 207 168
85 3 207 169
85 2 207 170
85 2 207 171
85 2 207 172
85 2 207 173
85 2 207 174
85 2 207 175
85 2 207 176
85 2 207 177
85 2 207 178
85 2 207 179
85 2 207 180
85 2 207 181
85 2 207 182
85 2 207 183
85 2 207 184
85 2 207 185
85 2 207 186
85 2 207 187
85 2 207 188
85 2 207 189
85 2 207 190
85 2 207 191
85 2 207 192
85 2 207 193
85 3 207 194
85 3 207 195
85 2 207 196
85 3 207 197
85 2 207 198
85 2 207 199
85 3 207 200
85 3 207 201
85 2 207 202
85 2 207 203
85 3 207 204
85 3 207 205
85 2 207 206
85 2 207 207
85 3 207 208
85 3 207 209
85 2 207 210
85 2 207 211
85 3 207 212
85 2 207 213
85 2 207 214
85 2 207 215
85 2 207 216
85 2 207 217
85 2 207 218
85 2 207 219
85 2 207 220
85 2 207 221
85 2 207 222
85 2 207 223
85 2 207 224
85 2 207 225
85 2 207 226
85 2 207 227
85 2 207 228
85 2 207 229
85 2 207 230
85 2 207 231
85 2 207 232
85 2 207 233
85 2 207 234
85 2 207 235
85 2 207 236
85 2 207 237
85 2 207 238
85 3 207 239
85 2 207 240
85 2 207 241
85 3 207 242
85 3 207 243
85 2 207 244
85 3 207 245
85 2 207 246
85 3 207 247
85 2 207 248
85 3 207 249
85 2 207 250
85 3 207 251
85 2 207 252
85 3 207 253
85 2 207 254
85 3 207 255
85 2 208 0
85 3 208 1
85 2 208 2
85 2 208 3
85 2 208 4
85 2 208 5
85 2 208 6
85 2 208 7
85 2 208 8
85 2 208 9
85 2 208 10
85 2 208 11
85 2 208 12
85 2 208 13
85 2 208 14
85 2 208 15
85 2 208 16
85 2 208 17
85 2 208 18
85 2 208 19
85 2 208 20
85 2 208 21
85 2 208 22
85 2 208 23
85 2 208 24
85 2 208 25
85 2 208 26
85 2 208 27
85 2 208 28
85 2 208 29
85 3 208 30
85 3 208 31
85 2 208 32
85 3 208 33
85 2 208 34
85 3 208 35
85 2 208 36
85 3 208 37
85 2 208 38
85 3 208 39
85 2 208 40
85 3 208 41
85 2 208 42
85 3 208 43
85 2 208 44
85 3 208 45
85 2 208 46
85 3 208 47
85 2 208 48
85 2 208 49
85 2 208 50
85 2 208 51
85 2 208 52
85 2 208 53
85 2 208 54
85 2 208 55
85 2 208 56
85 2 208 57
85 2 208 58
85 2 208 59
85 2 208 60
85 2 208 61
85 2 208 62
85 2 208 63
85 2 208 64
85 2 208 65
85 2 208 66
85 2 208 67
85 2 208 68
85 2 208 69
85 2 208 70
85 2 208 71
85 2 208 72
85 3 208 73
85 3 208 74
85 2 208 75
85 3 208 76
85 2 208 77
85 2 208 78
85 3 208 79
85 3 208 80
85 2 208 81
85 2 208 82
85 3 208 83
85 3 208 84
85 2 208 85
85 2 208 86
85 3 208 87
85 3 208 88
85 2 208 89
85 2 208 90
85 3 208 91
85 2 208 92
